id minIntensity maxIntensity rotCorrection_ vertCorrection_ distCorrection_ distCorrectionX_ distCorrectionY_ vertOffsetCorrection_ horizOffsetCorrection_ focalDistance_ focalSlope_
0	0	255	-4.28806540	-7.09132480	115.798010	118.429100	117.682520	21.5518280	2.59999990	1600	1
1	10	255	-2.20186810	-6.77970890	130.549300	134.360280	133.986150	21.5121420	-2.59999990	2400	1
2	0	255	3.56250310	0.379718010	126.245490	128.365340	127.881220	20.6096570	2.59999990	1200	1.50
3	0	255	5.74507050	0.637363970	135.239840	136.033330	136.989360	20.5773200	-2.59999990	1900	1.30
4	40	255	0.0421326010	-6.45612480	119.261120	124.353080	122.689450	21.4709870	2.59999990	2400	1.20
5	40	255	2.26900740	-6.09739020	124.334550	126.035560	127.179790	21.4254230	-2.59999990	2400	1.20
6	0	255	-0.765679780	-8.45948980	119.995880	122.455280	119.937440	21.7267400	2.59999990	1900	0.810
7	0	255	1.44931270	-8.13838290	126.278500	131.354750	130.462770	21.6855850	-2.59999990	2000	0.620
8	0	255	4.32900670	-5.77295780	116.380820	121.354660	119.762980	21.3842660	2.59999990	2200	1
9	0	255	6.56322100	-5.45976020	128.781570	131.763530	130.675740	21.3445820	-2.59999990	1900	1.20
10	0	255	3.55534600	-7.81676100	119.357110	124.529980	120.112880	21.6444280	2.59999990	1900	0.810
11	0	255	5.72747520	-7.43706990	120.097850	124.557330	121.032680	21.5959240	-2.59999990	1600	1.70
12	40	255	-4.27704760	-3.00233290	121.285540	125.549470	119.767930	21.0344430	2.59999990	2400	1.50
13	40	255	-2.02160860	-2.71025800	133.205540	134.032790	131.597640	20.9976980	-2.59999990	2400	1.30
14	0	255	-5.05776550	-5.05327700	117.887990	123.229000	120.543420	21.2931370	2.59999990	1700	1.30
15	10	255	-2.83345220	-4.75098610	122.206390	126.718170	122.226500	21.2549190	-2.59999990	2400	1.10
16	40	255	0.00383500010	-2.38296600	121.614270	123.840160	120.810320	20.9565410	2.59999990	2400	1.40
17	0	255	2.23227120	-2.04382210	121.825290	126.526900	124.381610	20.9139160	-2.59999990	1800	1.30
18	40	255	-0.783312680	-4.37857290	118.558800	123.707050	117.694130	21.2078860	2.59999990	2400	1.40
19	40	255	1.45081310	-4.07571220	125.364640	126.358660	123.116590	21.1696680	-2.59999990	2400	1.40
20	40	255	4.26528640	-1.72793700	119.967570	124.722630	118.026690	20.8742290	2.59999990	2400	1.35
21	0	255	6.47300770	-1.40024300	129.889310	131.473280	132.757430	20.8330750	-2.59999990	1900	1.20
22	40	255	3.47878050	-3.72597600	124.696590	127.657660	123.135020	21.1255720	2.59999990	2400	1.35
23	10	255	5.71107770	-3.44598390	128.195310	130.649350	130.411030	21.0902980	-2.59999990	2400	1
24	0	255	-4.28279880	1.02378200	128.851680	132.228060	130.158280	20.5288160	2.59999990	2200	1
25	0	255	-2.10374690	1.29305100	130.761550	131.655180	130.682330	20.4950100	-2.59999990	1300	1.80
26	5	255	-5.08937070	-0.978788970	126.182790	129.029540	123.460710	20.7801610	2.59999990	2400	1.10
27	40	255	-2.86239890	-0.627494990	133.865620	135.091140	132.009380	20.7360650	-2.59999990	2400	1.40
28	20	255	0.0105037000	1.66758800	125.222530	128.310210	128.067250	20.4479750	2.59999990	2400	0.620
29	40	255	2.19093970	1.99519210	135.907330	138.723910	137.071750	20.4068180	-2.59999990	2400	0.899999980
30	40	255	-0.812881590	-0.346425000	126.304270	128.102550	125.139430	20.7007880	2.59999990	2400	1.35
31	40	255	1.40592170	0.00493500010	131.736340	132.968030	129.785890	20.6566930	-2.59999990	2400	1.35
32	0	255	-7.26567410	-22.3975680	124.986520	128.561950	122.631470	15.9758680	2.59999990	1200	2
33	30	255	-3.78781800	-22.0764560	120.592510	125.396710	125.040600	15.9352210	-2.59999990	25	1.05
34	0	255	5.05818890	-11.2388990	133.688050	136.396580	137.288090	14.6497710	2.59999990	200	0.699999990
35	0	255	8.42800620	-10.8553090	116.347070	117.822530	120.282670	14.6065840	-2.59999990	600	1.35
36	0	255	-0.384914400	-21.5616590	122.787410	129.408920	126.288320	15.8704410	2.59999990	1300	0.699999990
37	10	255	3.21163990	-21.1960530	112.607120	117.673330	116.801700	15.8247130	-2.59999990	25	1.05
38	0	255	-1.63221400	-24.6422180	124.762820	132.730120	129.381350	16.2654740	2.59999990	200	1.05
39	40	255	1.89858820	-24.2442440	112.859910	114.608990	115.738680	16.2133960	-2.59999990	25	1.10
40	30	255	6.52981330	-20.4696830	124.525610	131.061720	128.741060	15.7345290	2.59999990	25	1.05
41	0	255	9.95272250	-19.9332830	115.958550	121.666110	120.340200	15.6684780	-2.59999990	1000	1.60
42	20	255	5.38501070	-23.5688320	123.395860	127.813820	125.892370	16.1257530	2.59999990	25	0.899999980
43	0	255	8.85657410	-23.0452710	110.981030	115.856120	116.223530	16.0584320	-2.59999990	800	1.50
44	0	255	-7.16455510	-16.1982360	133.599320	142.458660	133.741380	15.2200950	2.59999990	1200	1.90
45	25	255	-3.64406200	-15.8845200	117.543370	123.265580	123.330750	15.1832590	-2.59999990	25	0.550000010
46	0	255	-8.52256680	-19.2471920	127.009510	133.516110	129.257920	15.5846440	2.59999990	1100	1.90
47	30	255	-4.97363760	-18.9229350	109.620620	116.161780	114.804240	15.5452680	-2.59999990	25	0.850000020
48	0	255	-0.331689600	-15.3413370	128.034590	134.755750	131.749560	15.1197480	2.59999990	1000	0.699999990
49	0	255	3.01565790	-14.9266130	118.041300	122.606500	122.360890	15.0714800	-2.59999990	1200	1
50	0	255	-1.63113300	-18.4078250	118.727070	128.068760	121.129360	15.4830280	2.59999990	1300	0.810
51	0	255	1.89609990	-18.0379910	113.271510	119.876460	117.812260	15.4385700	-2.59999990	900	0.755999980
52	30	255	6.26539750	-14.3015270	130.442470	135.371990	134.544950	14.9990780	2.59999990	25	0.810
53	0	255	9.67640500	-13.8386930	115.413200	119.459110	118.519620	14.9457300	-2.59999990	900	1.70
54	10	255	5.12733220	-17.4003640	129.416750	135.149700	131.792570	15.3623580	2.59999990	25	0.550000010
55	0	255	8.53771500	-16.8870330	115.418370	120.966970	118.733560	15.3013880	-2.59999990	1200	1.85
56	0	255	-6.94062330	-10.0397790	134.017180	137.090440	136.048390	14.5151290	2.59999990	500	1.30
57	20	255	-3.66219280	-9.75562760	121.436770	124.142610	125.034360	14.4833740	-2.59999990	25	0.850000020
58	0	255	-8.24537560	-13.1187750	135.316310	139.895160	136.461880	14.8631660	2.59999990	1100	2
59	0	255	-4.89892630	-12.7627840	120.360890	124.035260	124.361070	14.8225200	-2.59999990	500	0.810
60	0	255	-0.338196100	-9.24293990	135.099260	136.773130	136.932330	14.4262150	2.59999990	200	1
61	40	255	2.90719530	-8.78595830	123.184980	123.603540	125.889970	14.3754060	-2.59999990	25	1.05
62	0	255	-1.58713870	-12.2716600	127.464540	132.641660	130.979350	14.7666300	2.59999990	1200	0.899999980
63	0	255	1.74709070	-11.8572440	120.103500	123.495090	124.249870	14.7196330	-2.59999990	200	0.410