0  -4.981013  -7.483129  112.712607  19.712820  2.600000  
1  -2.872530  -7.114391  120.444762  19.759856  -2.600000  
2  2.858048  0.063496  137.660381  20.665281  2.600000  
3  5.129126  0.391430  137.703126  20.706436  -2.600000  
4  -0.702109  -6.768160  111.039150  19.803951  2.600000  
5  1.600590  -6.409865  133.519494  19.849516  -2.600000  
6  -1.473374  -8.825814  117.124979  19.540848  2.600000  
7  0.803240  -8.459490  128.695038  19.587884  -2.600000  
8  3.607114  -6.074229  116.165566  19.892142  2.600000  
9  5.868137  -5.714984  128.643326  19.937707  -2.600000  
10  2.827471  -8.172813  117.844704  19.624630  2.600000  
11  5.093074  -7.713276  127.191073  19.683424  -2.600000  
12  -4.954012  -3.305926  119.945644  20.241965  2.600000  
13  -2.705612  -3.002333  138.461207  20.280181  -2.600000  
14  -5.755941  -5.390115  117.491191  19.978863  2.600000  
15  -3.479077  -5.053277  130.684156  20.021488  -2.600000  
16  -0.700614  -2.675199  114.024185  20.321337  2.600000  
17  1.539940  -2.324504  131.150194  20.365432  -2.600000  
18  -1.482249  -4.727722  122.151791  20.062644  2.600000  
19  0.800946  -4.366929  131.056484  20.108209  -2.600000  
20  3.529298  -1.985333  109.982574  20.408058  2.600000  
21  5.802532  -1.622618  129.892070  20.453623  -2.600000  
22  2.790322  -4.029098  117.628340  20.150835  2.600000  
23  5.083572  -3.644329  135.623918  20.199339  -2.600000  
24  -4.948954  0.766179  122.727137  20.753471  2.600000  
25  -2.714149  1.129154  126.112303  20.799037  -2.600000  
26  -5.759508  -1.318304  141.727332  20.491839  2.600000  
27  -3.508751  -0.920245  130.746821  20.541814  -2.600000  
28  -0.695483  1.445222  128.815340  20.838722  2.600000  
29  1.557806  1.761201  145.841048  20.878408  -2.600000  
30  -1.503952  -0.627495  142.984087  20.578560  2.600000  
31  0.768074  -0.276154  144.406175  20.622655  -2.600000  
32  -7.966363  -23.015512  86.957393  10.775399  2.600000  
33  -4.455024  -22.667358  79.617093  10.819856  -2.600000  
34  4.447878  -11.688876  110.642174  12.129440  2.600000  
35  7.573419  -11.013379  83.455318  12.205653  -2.600000  
36  -1.106115  -22.036215  91.073849  10.899879  2.600000  
37  2.468524  -21.531261  80.262808  10.963390  -2.600000  
38  -2.345458  -25.143338  109.720387  10.498494  2.600000  
39  1.168977  -24.603501  80.286619  10.569625  -2.600000  
40  5.794573  -20.920654  94.517993  11.039602  2.600000  
41  9.275801  -20.263812  64.448311  11.120895  -2.600000  
42  4.613265  -24.039431  104.175044  10.643297  2.600000  
43  8.185961  -23.332259  74.576277  10.734752  -2.600000  
44  -7.765574  -16.801204  106.139873  11.538794  2.600000  
45  -4.331925  -16.338545  74.756070  11.593413  -2.600000  
46  -9.181936  -19.788238  106.818493  11.179325  2.600000  
47  -5.673274  -19.403635  67.086987  11.226323  -2.600000  
48  -1.062843  -15.895354  98.599855  11.645491  2.600000  
49  2.338187  -15.341337  76.286230  11.710272  -2.600000  
50  -2.305962  -18.996265  107.667564  11.275861  2.600000  
51  1.145887  -18.471069  77.633756  11.339371  -2.600000  
52  5.614516  -14.784364  103.584958  11.775052  2.600000  
53  8.992100  -14.048302  79.226705  11.860156  -2.600000  
54  4.452441  -17.879010  112.988752  11.410503  2.600000  
55  7.919091  -17.272298  77.880374  11.482905  -2.600000  
56  -7.542826  -10.561308  105.067189  12.256461  2.600000  
57  -4.318734  -10.198687  89.253038  12.297108  -2.600000  
58  -8.855666  -13.584450  108.872472  11.913505  2.600000  
59  -5.503636  -13.240911  77.833621  11.952882  -2.600000  
60  -1.022071  -9.721496  97.639831  12.350457  2.600000  
61  2.204415  -9.185881  85.195208  12.410156  -2.600000  
62  -2.267669  -12.829609  114.891638  11.999879  2.600000  
63  1.096703  -12.282843  78.533673  12.062119  -2.600000  
